10
0.0 0.1 0.2 0.3 0.4 0.5 0.6 0.7 0.8 0.9
3
0.0 0.5877852522924731 0.9510565162951535 0.9510565162951535 0.5877852522924732 1.2246467991473532e-16 -0.5877852522924734 -0.9510565162951535 -0.9510565162951536 -0.5877852522924734
1.0 0.8090169943749475 0.30901699437494745 -0.30901699437494756 -0.8090169943749473 -1.0 -0.8090169943749472 -0.30901699437494756 0.30901699437494723 0.8090169943749473
0.0 0.1 0.2 0.30000000000000004 0.4 0.5 0.6000000000000001 0.7000000000000001 0.8 0.9
9
0.05 0.15 0.25 0.35 0.45 0.55 0.65 0.75 0.85



5
0 3 7 12 13
1
30 2 -10 100 -10
7
1.5 5 7 8.5 9 11 13








10
0.0 0.1 0.2 0.3 0.4 0.5 0.6 0.7 0.8 0.9
3
0.0 0.5877852522924731 0.9510565162951535 0.9510565162951535 0.5877852522924732 1.2246467991473532e-16 -0.5877852522924734 -0.9510565162951535 -0.9510565162951536 -0.5877852522924734
1.0 0.8090169943749475 0.30901699437494745 -0.30901699437494756 -0.8090169943749473 -1.0 -0.8090169943749472 -0.30901699437494756 0.30901699437494723 0.8090169943749473
0.0 0.1 0.2 0.30000000000000004 0.4 0.5 0.6000000000000001 0.7000000000000001 0.8 0.9
9
0.05 0.15 0.25 0.35 0.45 0.55 0.65 0.75 0.85
